11 19
广州 北京 上海 南京 深圳 杭州 成都 重庆 西安 天津 哈尔滨 
0 2127 1434 0 135 1257 1584 1287 0 0 0 
2127 0 1217 0 0 0 1892 1758 0 0 1239 
1434 1217 0 299 0 0 0 0 0 0 0 
0 0 299 0 0 278 0 0 0 893 0 
135 0 0 0 0 0 1696 1426 0 0 0 
1257 0 0 278 0 0 0 1622 0 0 0 
1584 1892 0 0 1696 0 0 0 829 0 0 
1287 1758 0 0 1426 1622 0 0 0 0 0 
0 0 0 0 0 0 829 0 0 0 2281 
0 0 0 893 0 0 0 0 0 0 1231 
0 1239 0 0 0 0 0 0 2281 1231 0 
广州 上海 1434
广州 深圳 135
广州 杭州 1257
广州 成都 1584
广州 北京 2127
广州 重庆 1287
深圳 重庆 1426
深圳 成都 1696
杭州 重庆 1622
杭州 南京 278
南京 上海 299
南京 天津 893
北京 成都 1892
北京 上海 1217
北京 重庆 1758
北京 哈尔滨 1239
西安 哈尔滨 2281
西安 成都 829
天津 哈尔滨 1231
